
Days              : 0
Hours             : 0
Minutes           : 0
Seconds           : 16
Milliseconds      : 723
Ticks             : 167235743
TotalDays         : 0.000193559887731481
TotalHours        : 0.00464543730555556
TotalMinutes      : 0.278726238333333
TotalSeconds      : 16.7235743
TotalMilliseconds : 16723.5743


exitcode=1
